            CPU0       CPU1       CPU2       CPU3       CPU4       CPU5       CPU6       CPU7       CPU8       CPU9       CPU10      CPU11      CPU12      CPU13      CPU14      CPU15      CPU16      CPU17      CPU18      CPU19      CPU20      CPU21      CPU22      CPU23      CPU24      CPU25      CPU26      CPU27      CPU28      CPU29      CPU30      CPU31      
   0:         31          0          0          0          0          0          0          0          0          0          0          0          0          0          0          0          0          0          0          0          0          0          0          0          0          0          0          0          0          0          0          0 IR-IO-APIC    2-edge      timer
   8:          0          0          0          0          0          0          0          0          0          0          0          0          0          0          0          0          0          0          0          0          0          0          0          0          0          0          0          0          0          0          0          0 IR-IO-APIC    8-edge      rtc0
   9:          0          0          0          0          0          0          0          0          0          0          0          0          0          0          0          0          0          0          0          0          0          0          0          0          0          0          0          0          0          0          0          0 IR-IO-APIC    9-fasteoi   acpi
  14:          0          0          0          0          0          0          0          0          0          0          0          0          0          0          0          0          0          0          0          0          0          0          0          0          0          0          0          0          0          0          0          0 IR-IO-APIC   14-fasteoi   INTC1085:00
  18:          0          0          0          0          0          0          0          0          0          0          0          0          0          0          0          0          0          0          0          0          0          0          0          0          0          0          0          0          0          0          0          0 IR-IO-APIC   18-fasteoi   i801_smbus
  27:          0          0          0          0          0          0          0          0          0          0          0          0          0          0          0          0          0          0          0          0          0          0          0          0          0          0          0          0          0          0          0          0 IR-IO-APIC   27-fasteoi   idma64.0, i2c_designware.0
  29:          0          0          0          0          0          0          0          0          0          0          0          0          0          0          0          0          0          0          0          0          0          0          0          0          0          0          0          0          0          0          0          0 IR-IO-APIC   29-fasteoi   idma64.2, i2c_designware.2
  31:          0          0          0          0          0          0          0          0          0          0          0          0          0          0          0          0          0          0          0          0          0          0          0          0          0          0          0          0          0          0          0          0 IR-IO-APIC   31-fasteoi   idma64.4, i2c_designware.4
  32:          0          0          0          0          0          0          0          0          0          0          0          0          0          0          0          0          0          0          0          0          0          0          0          0          0          0          0          0          0          0          0          0 IR-IO-APIC   32-fasteoi   idma64.5, i2c_designware.5
  40:          0          0          0          0          0          0          0          0          0          0          0          0          0          0          0          0          0          0          0          0          0          0          0          0          0          0          0          0          0          0          0          0 IR-IO-APIC   40-fasteoi   idma64.1, i2c_designware.1
  43:          0          0          0          0          0          0          0          0          0          0          0          0          0          0          0          0          0          0          0          0          0          0          0          0          0          0          0          0          0          0          0          0 IR-IO-APIC   43-fasteoi   idma64.3, i2c_designware.3
 120:          0          0          0          0          0          0          0          0          0          0          0          0          0          0          0          0          0          0          0          0          0          0          0          0          0          0          0          0          0          0          0          0 DMAR-MSI    0-edge      dmar0
 121:          0          0          0          0          0          0          0          0          0          0          0          0          0          0          0          0          0          0          0          0          0          0          0          0          0          0          0          0          0          0          0          0 DMAR-MSI    1-edge      dmar1
 122:          1          0          0          0          0          0          0          0          0          0          0          0          0          0          0          0          0          0          0          0          0          0          0          0          0          0          0          0          0          0          0          0 IR-PCI-MSI-0000:00:01.0    0-edge      PCIe PME, aerdrv, PCIe bwctrl
 123:          0          0          0          0          0          0          0          0          0          0          0          0          0          0          0          0          0          1          0          0          0          0          0          0          0          0          0          0          0          0          0          0 IR-PCI-MSI-0000:00:06.0    0-edge      PCIe PME, aerdrv, PCIe bwctrl
 124:          0          0          0          0          0          0          0          0          0          0          0          0          0          0          0          0          0          0          1          0          0          0          0          0          0          0          0          0          0          0          0          0 IR-PCI-MSI-0000:00:1c.0    0-edge      PCIe PME, aerdrv, PCIe bwctrl
 125:          0          0          0          0          0          0          0          0          0          0          0          0          0          0          0          0          0          0          0          1          0          0          0          0          0          0          0          0          0          0          0          0 IR-PCI-MSI-0000:00:1c.2    0-edge      PCIe PME, aerdrv, PCIe bwctrl
 126:          1          0          0          0          0          0          0          0          0          0          0          0          0          0          0          0          0          0          0          0          0          0          0          0          0          0          0          0          0          0          0          0 IR-PCI-MSI-0000:00:1c.7    0-edge      PCIe PME, aerdrv, PCIe bwctrl
 127:          0          0          0          0          0          0          0          0          0          0          0          0          0          0          0          0          0          1          0          0          0          0          0          0          0          0          0          0          0          0          0          0 IR-PCI-MSI-0000:00:1d.0    0-edge      PCIe PME, aerdrv, PCIe bwctrl
 128:          0          0          0          0          0          0          0          0          0          0          0          0          0          0          0          0          0          0        402          0          0          0          0          0          0          0          0          0          0          0          0          0 IR-PCI-MSI-0000:00:14.0    0-edge      xhci_hcd
 136:          0          0          0          0          0          0          0          0          0          0          0          0          0          0          0          0          0          0          0          0          0          0          0          0          0          0          0          0          0          0          0          0 IR-PCI-MSI-0000:00:17.0    0-edge      ahci[0000:00:17.0]
 137:          0          0          0          0          0          0          0          0          0          0          0          0          0          0          0          0          0     148512          0          0          0          0          0          0          0          0          0          0          0          0          0          0 IR-PCI-MSIX-0000:04:00.0    0-edge      enp4s0
 138:         76          0          0          0          0          0          0          0          0          0          0          0          0          0          0          0          0          0          0          0          0          0          0          0          0          0          0          0          0          0          0          0 IR-PCI-MSIX-0000:02:00.0    0-edge      nvme0q0
 139:          0          0          0          0          0          0          0          0          0          0          0          0          0          0          0          0          0          0          0          0          0          0          0          0          0          0          0          0          0          0          0          0 IR-PCI-MSIX-0000:02:00.0    1-edge      nvme0q1
 140:          0          0          0          0          0          0          0          0          0          0          0          0          0          0          0          0          0          0          0          0          0          0          0          0          0          0          0          0          0          0          0          0 IR-PCI-MSIX-0000:02:00.0    2-edge      nvme0q2
 141:          0          0          0          0          0          0          0          0          0          0          0          0          0          0          0          0          0          0          0          0          0          0          0          0          0          0          0          0          0          0          0          0 IR-PCI-MSIX-0000:02:00.0    3-edge      nvme0q3
 142:          0          0          0          0          0          0          0          0          0          0          0          0          0          0          0          0          0          0          0          0          0          0          0          0          0          0          0          0          0          0          0          0 IR-PCI-MSIX-0000:02:00.0    4-edge      nvme0q4
 143:          0          0          0          0          0          0          0          0          0          0          0          0          0          0          0          0          0          0          0          0          0          0          0          0          0          0          0          0          0          0          0          0 IR-PCI-MSIX-0000:02:00.0    5-edge      nvme0q5
 144:          0          0          0          0          0          0          0          0          0          0          0          0          0          0          0          0          0          0          0          0          0          0          0          0          0          0          0          0          0          0          0          0 IR-PCI-MSIX-0000:02:00.0    6-edge      nvme0q6
 145:          0          0          0          0          0          0          0          0          0          0          0          0          0          0          0          0          0          0          0          0          0          0          0          0          0          0          0          0          0          0          0          0 IR-PCI-MSIX-0000:02:00.0    7-edge      nvme0q7
 146:          0          0          0          0          0          0          0          0          0          0          0          0          0          0          0          0          0          0          0          0          0          0          0          0          0          0          0          0          0          0          0          0 IR-PCI-MSIX-0000:02:00.0    8-edge      nvme0q8
 147:          0          0          0          0          0          0          0          0          0          0          0          0          0          0          0          0          0       5970          0          0          0          0          0          0          0          0          0          0          0          0          0          0 IR-PCI-MSIX-0000:02:00.0    9-edge      nvme0q9
 148:          0          0          0          0          0          0          0          0          0          0          0          0          0          0          0          0          0          0          0       7275          0          0          0          0          0          0          0          0          0          0          0          0 IR-PCI-MSIX-0000:02:00.0   10-edge      nvme0q10
 149:          0          0          0          0          0          0          0          0          0          0          0          0          0          0          0          0          0          0          0          0          0       8393          0          0          0          0          0          0          0          0          0          0 IR-PCI-MSIX-0000:02:00.0   11-edge      nvme0q11
 150:          0          0          0          0          0          0          0          0          0          0          0          0          0          0          0          0          0          0          0          0          0          0          0      10614          0          0          0          0          0          0          0          0 IR-PCI-MSIX-0000:02:00.0   12-edge      nvme0q12
 151:          0          0          0          0          0          0          0          0          0          0          0          0          0          0          0          0          0          0          0          0          0          0          0          0          0      10017          0          0          0          0          0          0 IR-PCI-MSIX-0000:02:00.0   13-edge      nvme0q13
 152:          0          0          0          0          0          0          0          0          0          0          0          0          0          0          0          0          0          0          0          0          0          0          0          0          0          0          0      12330          0          0          0          0 IR-PCI-MSIX-0000:02:00.0   14-edge      nvme0q14
 153:          0          0          0          0          0          0          0          0          0          0          0          0          0          0          0          0          0          0          0          0          0          0          0          0          0          0          0          0          0      12020          0          0 IR-PCI-MSIX-0000:02:00.0   15-edge      nvme0q15
 154:          0          0          0          0          0          0          0          0          0          0          0          0          0          0          0          0          0          0          0          0          0          0          0          0          0          0          0          0          0          0          0      12438 IR-PCI-MSIX-0000:02:00.0   16-edge      nvme0q16
 155:          0          0          0          0          0          0          0          0          0          0          0          0          0          0          0          0          0          0       1175          0          0          0          0          0          0          0          0          0          0          0          0          0 IR-PCI-MSIX-0000:05:00.0    0-edge      enp5s0f0-TxRx-0
 156:          0          0          0          0          0          0          0          0          0          0          0          0          0          0          0          0          0          0          0       1175          0          0          0          0          0          0          0          0          0          0          0          0 IR-PCI-MSIX-0000:05:00.0    1-edge      enp5s0f0-TxRx-1
 157:       1175          0          0          0          0          0          0          0          0          0          0          0          0          0          0          0          0          0          0          0          0          0          0          0          0          0          0          0          0          0          0          0 IR-PCI-MSIX-0000:05:00.0    2-edge      enp5s0f0-TxRx-2
 158:          0          0          0          0          0          0          0          0          0          0          0          0          0          0          0          0          0       1175          0          0          0          0          0          0          0          0          0          0          0          0          0          0 IR-PCI-MSIX-0000:05:00.0    3-edge      enp5s0f0-TxRx-3
 159:          0          0          0          0          0          0          0          0          0          0          0          0          0          0          0          0          0          0       1175          0          0          0          0          0          0          0          0          0          0          0          0          0 IR-PCI-MSIX-0000:05:00.0    4-edge      enp5s0f0-TxRx-4
 160:          0          0          0          0          0          0          0          0          0          0          0          0          0          0          0          0          0          0          0       1175          0          0          0          0          0          0          0          0          0          0          0          0 IR-PCI-MSIX-0000:05:00.0    5-edge      enp5s0f0-TxRx-5
 161:       1175          0          0          0          0          0          0          0          0          0          0          0          0          0          0          0          0          0          0          0          0          0          0          0          0          0          0          0          0          0          0          0 IR-PCI-MSIX-0000:05:00.0    6-edge      enp5s0f0-TxRx-6
 162:          0          0          0          0          0          0          0          0          0          0          0          0          0          0          0          0          0       1175          0          0          0          0          0          0          0          0          0          0          0          0          0          0 IR-PCI-MSIX-0000:05:00.0    7-edge      enp5s0f0-TxRx-7
 163:          0          0          0          0          0          0          0          0          0          0          0          0          0          0          0          0          0          0       1255          0          0          0          0          0          0          0          0          0          0          0          0          0 IR-PCI-MSIX-0000:05:00.0    8-edge      enp5s0f0-TxRx-8
 164:          0          0          0          0          0          0          0          0          0          0          0          0          0          0          0          0          0          0          0       1305          0          0          0          0          0          0          0          0          0          0          0          0 IR-PCI-MSIX-0000:05:00.0    9-edge      enp5s0f0-TxRx-9
 165:       1175          0          0          0          0          0          0          0          0          0          0          0          0          0          0          0          0          0          0          0          0          0          0          0          0          0          0          0          0          0          0          0 IR-PCI-MSIX-0000:05:00.0   10-edge      enp5s0f0-TxRx-10
 166:          0          0          0          0          0          0          0          0          0          0          0          0          0          0          0          0          0       1175          0          0          0          0          0          0          0          0          0          0          0          0          0          0 IR-PCI-MSIX-0000:05:00.0   11-edge      enp5s0f0-TxRx-11
 167:          0          0          0          0          0          0          0          0          0          0          0          0          0          0          0          0          0          0       1175          0          0          0          0          0          0          0          0          0          0          0          0          0 IR-PCI-MSIX-0000:05:00.0   12-edge      enp5s0f0-TxRx-12
 168:          0          0          0          0          0          0          0          0          0          0          0          0          0          0          0          0          0          0          0       1275          0          0          0          0          0          0          0          0          0          0          0          0 IR-PCI-MSIX-0000:05:00.0   13-edge      enp5s0f0-TxRx-13
 169:       1175          0          0          0          0          0          0          0          0          0          0          0          0          0          0          0          0          0          0          0          0          0          0          0          0          0          0          0          0          0          0          0 IR-PCI-MSIX-0000:05:00.0   14-edge      enp5s0f0-TxRx-14
 170:          0          0          0          0          0          0          0          0          0          0          0          0          0          0          0          0          0       1175          0          0          0          0          0          0          0          0          0          0          0          0          0          0 IR-PCI-MSIX-0000:05:00.0   15-edge      enp5s0f0-TxRx-15
 171:          0          0          0          0          0          0          0          0          0          0          0          0          0          0          0          0          0          0       1175          0          0          0          0          0          0          0          0          0          0          0          0          0 IR-PCI-MSIX-0000:05:00.0   16-edge      enp5s0f0-TxRx-16
 172:          0          0          0          0          0          0          0          0          0          0          0          0          0          0          0          0          0          0          0       1231          0          0          0          0          0          0          0          0          0          0          0          0 IR-PCI-MSIX-0000:05:00.0   17-edge      enp5s0f0-TxRx-17
 173:       1208          0          0          0          0          0          0          0          0          0          0          0          0          0          0          0          0          0          0          0          0          0          0          0          0          0          0          0          0          0          0          0 IR-PCI-MSIX-0000:05:00.0   18-edge      enp5s0f0-TxRx-18
 174:          0          0          0          0          0          0          0          0          0          0          0          0          0          0          0          0          0       1187          0          0          0          0          0          0          0          0          0          0          0          0          0          0 IR-PCI-MSIX-0000:05:00.0   19-edge      enp5s0f0-TxRx-19
 175:          0          0          0          0          0          0          0          0          0          0          0          0          0          0          0          0          0          0       1225          0          0          0          0          0          0          0          0          0          0          0          0          0 IR-PCI-MSIX-0000:05:00.0   20-edge      enp5s0f0-TxRx-20
 176:          0          0          0          0          0          0          0          0          0          0          0          0          0          0          0          0          0          0          0       1227          0          0          0          0          0          0          0          0          0          0          0          0 IR-PCI-MSIX-0000:05:00.0   21-edge      enp5s0f0-TxRx-21
 177:       1211          0          0          0          0          0          0          0          0          0          0          0          0          0          0          0          0          0          0          0          0          0          0          0          0          0          0          0          0          0          0          0 IR-PCI-MSIX-0000:05:00.0   22-edge      enp5s0f0-TxRx-22
 178:          0          0          0          0          0          0          0          0          0          0          0          0          0          0          0          0          0       1189          0          0          0          0          0          0          0          0          0          0          0          0          0          0 IR-PCI-MSIX-0000:05:00.0   23-edge      enp5s0f0-TxRx-23
 179:          0          0          0          0          0          0          0          0          0          0          0          0          0          0          0          0          0          0       1225          0          0          0          0          0          0          0          0          0          0          0          0          0 IR-PCI-MSIX-0000:05:00.0   24-edge      enp5s0f0-TxRx-24
 180:          0          0          0          0          0          0          0          0          0          0          0          0          0          0          0          0          0          0          0       1204          0          0          0          0          0          0          0          0          0          0          0          0 IR-PCI-MSIX-0000:05:00.0   25-edge      enp5s0f0-TxRx-25
 181:       1220          0          0          0          0          0          0          0          0          0          0          0          0          0          0          0          0          0          0          0          0          0          0          0          0          0          0          0          0          0          0          0 IR-PCI-MSIX-0000:05:00.0   26-edge      enp5s0f0-TxRx-26
 182:          0          0          0          0          0          0          0          0          0          0          0          0          0          0          0          0          0       1195          0          0          0          0          0          0          0          0          0          0          0          0          0          0 IR-PCI-MSIX-0000:05:00.0   27-edge      enp5s0f0-TxRx-27
 183:          0          0          0          0          0          0          0          0          0          0          0          0          0          0          0          0          0          0       1241          0          0          0          0          0          0          0          0          0          0          0          0          0 IR-PCI-MSIX-0000:05:00.0   28-edge      enp5s0f0-TxRx-28
 184:          0          0          0          0          0          0          0          0          0          0          0          0          0          0          0          0          0          0          0       1206          0          0          0          0          0          0          0          0          0          0          0          0 IR-PCI-MSIX-0000:05:00.0   29-edge      enp5s0f0-TxRx-29
 185:       1184          0          0          0          0          0          0          0          0          0          0          0          0          0          0          0          0          0          0          0          0          0          0          0          0          0          0          0          0          0          0          0 IR-PCI-MSIX-0000:05:00.0   30-edge      enp5s0f0-TxRx-30
 186:          0          0          0          0          0          0          0          0          0          0          0          0          0          0          0          0          0       1188          0          0          0          0          0          0          0          0          0          0          0          0          0          0 IR-PCI-MSIX-0000:05:00.0   31-edge      enp5s0f0-TxRx-31
 187:          0          0          0          0          0          0          0          0          0          0          0          0          0          0          0          0          0          0          3          0          0          0          0          0          0          0          0          0          0          0          0          0 IR-PCI-MSIX-0000:05:00.0   32-edge      enp5s0f0
 188:          0          0          0          0          0          0          0          0          0          0          0          0          0          0          0          0          0          0          0       1201          0          0          0          0          0          0          0          0          0          0          0          0 IR-PCI-MSIX-0000:05:00.1    0-edge      enp5s0f1-TxRx-0
 189:       1201          0          0          0          0          0          0          0          0          0          0          0          0          0          0          0          0          0          0          0          0          0          0          0          0          0          0          0          0          0          0          0 IR-PCI-MSIX-0000:05:00.1    1-edge      enp5s0f1-TxRx-1
 190:          0          0          0          0          0          0          0          0          0          0          0          0          0          0          0          0          0       1201          0          0          0          0          0          0          0          0          0          0          0          0          0          0 IR-PCI-MSIX-0000:05:00.1    2-edge      enp5s0f1-TxRx-2
 191:          0          0          0          0          0          0          0          0          0          0          0          0          0          0          0          0          0          0       1201          0          0          0          0          0          0          0          0          0          0          0          0          0 IR-PCI-MSIX-0000:05:00.1    3-edge      enp5s0f1-TxRx-3
 192:          0          0          0          0          0          0          0          0          0          0          0          0          0          0          0          0          0          0          0       1201          0          0          0          0          0          0          0          0          0          0          0          0 IR-PCI-MSIX-0000:05:00.1    4-edge      enp5s0f1-TxRx-4
 193:       1201          0          0          0          0          0          0          0          0          0          0          0          0          0          0          0          0          0          0          0          0          0          0          0          0          0          0          0          0          0          0          0 IR-PCI-MSIX-0000:05:00.1    5-edge      enp5s0f1-TxRx-5
 194:          0          0          0          0          0          0          0          0          0          0          0          0          0          0          0          0          0       1201          0          0          0          0          0          0          0          0          0          0          0          0          0          0 IR-PCI-MSIX-0000:05:00.1    6-edge      enp5s0f1-TxRx-6
 195:          0          0          0          0          0          0          0          0          0          0          0          0          0          0          0          0          0          0       1201          0          0          0          0          0          0          0          0          0          0          0          0          0 IR-PCI-MSIX-0000:05:00.1    7-edge      enp5s0f1-TxRx-7
 196:          0          0          0          0          0          0          0          0          0          0          0          0          0          0          0          0          0          0          0       1201          0          0          0          0          0          0          0          0          0          0          0          0 IR-PCI-MSIX-0000:05:00.1    8-edge      enp5s0f1-TxRx-8
 197:       1201          0          0          0          0          0          0          0          0          0          0          0          0          0          0          0          0          0          0          0          0          0          0          0          0          0          0          0          0          0          0          0 IR-PCI-MSIX-0000:05:00.1    9-edge      enp5s0f1-TxRx-9
 198:          0          0          0          0          0          0          0          0          0          0          0          0          0          0          0          0          0       1201          0          0          0          0          0          0          0          0          0          0          0          0          0          0 IR-PCI-MSIX-0000:05:00.1   10-edge      enp5s0f1-TxRx-10
 199:          0          0          0          0          0          0          0          0          0          0          0          0          0          0          0          0          0          0       1201          0          0          0          0          0          0          0          0          0          0          0          0          0 IR-PCI-MSIX-0000:05:00.1   11-edge      enp5s0f1-TxRx-11
 200:          0          0          0          0          0          0          0          0          0          0          0          0          0          0          0          0          0          0          0       1201          0          0          0          0          0          0          0          0          0          0          0          0 IR-PCI-MSIX-0000:05:00.1   12-edge      enp5s0f1-TxRx-12
 201:       1201          0          0          0          0          0          0          0          0          0          0          0          0          0          0          0          0          0          0          0          0          0          0          0          0          0          0          0          0          0          0          0 IR-PCI-MSIX-0000:05:00.1   13-edge      enp5s0f1-TxRx-13
 202:          0          0          0          0          0          0          0          0          0          0          0          0          0          0          0          0          0       1201          0          0          0          0          0          0          0          0          0          0          0          0          0          0 IR-PCI-MSIX-0000:05:00.1   14-edge      enp5s0f1-TxRx-14
 203:          0          0          0          0          0          0          0          0          0          0          0          0          0          0          0          0          0          0       1201          0          0          0          0          0          0          0          0          0          0          0          0          0 IR-PCI-MSIX-0000:05:00.1   15-edge      enp5s0f1-TxRx-15
 204:          0          0          0          0          0          0          0          0          0          0          0          0          0          0          0          0          0          0          0       1201          0          0          0          0          0          0          0          0          0          0          0          0 IR-PCI-MSIX-0000:05:00.1   16-edge      enp5s0f1-TxRx-16
 205:       1201          0          0          0          0          0          0          0          0          0          0          0          0          0          0          0          0          0          0          0          0          0          0          0          0          0          0          0          0          0          0          0 IR-PCI-MSIX-0000:05:00.1   17-edge      enp5s0f1-TxRx-17
 206:          0          0          0          0          0          0          0          0          0          0          0          0          0          0          0          0          0       1201          0          0          0          0          0          0          0          0          0          0          0          0          0          0 IR-PCI-MSIX-0000:05:00.1   18-edge      enp5s0f1-TxRx-18
 207:          0          0          0          0          0          0          0          0          0          0          0          0          0          0          0          0          0          0       1201          0          0          0          0          0          0          0          0          0          0          0          0          0 IR-PCI-MSIX-0000:05:00.1   19-edge      enp5s0f1-TxRx-19
 208:          0          0          0          0          0          0          0          0          0          0          0          0          0          0          0          0          0          0          0       1201          0          0          0          0          0          0          0          0          0          0          0          0 IR-PCI-MSIX-0000:05:00.1   20-edge      enp5s0f1-TxRx-20
 209:       1201          0          0          0          0          0          0          0          0          0          0          0          0          0          0          0          0          0          0          0          0          0          0          0          0          0          0          0          0          0          0          0 IR-PCI-MSIX-0000:05:00.1   21-edge      enp5s0f1-TxRx-21
 210:          0          0          0          0          0          0          0          0          0          0          0          0          0          0          0          0          0       1201          0          0          0          0          0          0          0          0          0          0          0          0          0          0 IR-PCI-MSIX-0000:05:00.1   22-edge      enp5s0f1-TxRx-22
 211:          0          0          0          0          0          0          0          0          0          0          0          0          0          0          0          0          0          0       1201          0          0          0          0          0          0          0          0          0          0          0          0          0 IR-PCI-MSIX-0000:05:00.1   23-edge      enp5s0f1-TxRx-23
 212:          0          0          0          0          0          0          0          0          0          0          0          0          0          0          0          0          0          0          0       1201          0          0          0          0          0          0          0          0          0          0          0          0 IR-PCI-MSIX-0000:05:00.1   24-edge      enp5s0f1-TxRx-24
 213:       1201          0          0          0          0          0          0          0          0          0          0          0          0          0          0          0          0          0          0          0          0          0          0          0          0          0          0          0          0          0          0          0 IR-PCI-MSIX-0000:05:00.1   25-edge      enp5s0f1-TxRx-25
 214:          0          0          0          0          0          0          0          0          0          0          0          0          0          0          0          0          0       1201          0          0          0          0          0          0          0          0          0          0          0          0          0          0 IR-PCI-MSIX-0000:05:00.1   26-edge      enp5s0f1-TxRx-26
 215:          0          0          0          0          0          0          0          0          0          0          0          0          0          0          0          0          0          0       1201          0          0          0          0          0          0          0          0          0          0          0          0          0 IR-PCI-MSIX-0000:05:00.1   27-edge      enp5s0f1-TxRx-27
 216:          0          0          0          0          0          0          0          0          0          0          0          0          0          0          0          0          0          0          0       1201          0          0          0          0          0          0          0          0          0          0          0          0 IR-PCI-MSIX-0000:05:00.1   28-edge      enp5s0f1-TxRx-28
 217:       1201          0          0          0          0          0          0          0          0          0          0          0          0          0          0          0          0          0          0          0          0          0          0          0          0          0          0          0          0          0          0          0 IR-PCI-MSIX-0000:05:00.1   29-edge      enp5s0f1-TxRx-29
 218:          0          0          0          0          0          0          0          0          0          0          0          0          0          0          0          0          0       1201          0          0          0          0          0          0          0          0          0          0          0          0          0          0 IR-PCI-MSIX-0000:05:00.1   30-edge      enp5s0f1-TxRx-30
 219:          0          0          0          0          0          0          0          0          0          0          0          0          0          0          0          0          0          0       1201          0          0          0          0          0          0          0          0          0          0          0          0          0 IR-PCI-MSIX-0000:05:00.1   31-edge      enp5s0f1-TxRx-31
 220:          0          0          0          0          0          0          0          0          0          0          0          0          0          0          0          0          0          0          0          0          0          0          0          0          0          0          0          0          0          0          0          0 IR-PCI-MSIX-0000:05:00.1   32-edge      enp5s0f1
 221:       1171          0          0          0          0          0          0          0          0          0          0          0          0          0          0          0          0          0          0          0          0          0          0          0          0          0          0          0          0          0          0          0 IR-PCI-MSIX-0000:06:00.0    0-edge      enp6s0f0-TxRx-0
 222:          0          0          0          0          0          0          0          0          0          0          0          0          0          0          0          0          0       1171          0          0          0          0          0          0          0          0          0          0          0          0          0          0 IR-PCI-MSIX-0000:06:00.0    1-edge      enp6s0f0-TxRx-1
 223:          0          0          0          0          0          0          0          0          0          0          0          0          0          0          0          0          0          0       1251          0          0          0          0          0          0          0          0          0          0          0          0          0 IR-PCI-MSIX-0000:06:00.0    2-edge      enp6s0f0-TxRx-2
 224:          0          0          0          0          0          0          0          0          0          0          0          0          0          0          0          0          0          0          0       1318          0          0          0          0          0          0          0          0          0          0          0          0 IR-PCI-MSIX-0000:06:00.0    3-edge      enp6s0f0-TxRx-3
 225:       1171          0          0          0          0          0          0          0          0          0          0          0          0          0          0          0          0          0          0          0          0          0          0          0          0          0          0          0          0          0          0          0 IR-PCI-MSIX-0000:06:00.0    4-edge      enp6s0f0-TxRx-4
 226:          0          0          0          0          0          0          0          0          0          0          0          0          0          0          0          0          0       1171          0          0          0          0          0          0          0          0          0          0          0          0          0          0 IR-PCI-MSIX-0000:06:00.0    5-edge      enp6s0f0-TxRx-5
 227:          0          0          0          0          0          0          0          0          0          0          0          0          0          0          0          0          0          0       1171          0          0          0          0          0          0          0          0          0          0          0          0          0 IR-PCI-MSIX-0000:06:00.0    6-edge      enp6s0f0-TxRx-6
 228:          0          0          0          0          0          0          0          0          0          0          0          0          0          0          0          0          0          0          0       1171          0          0          0          0          0          0          0          0          0          0          0          0 IR-PCI-MSIX-0000:06:00.0    7-edge      enp6s0f0-TxRx-7
 229:       1171          0          0          0          0          0          0          0          0          0          0          0          0          0          0          0          0          0          0          0          0          0          0          0          0          0          0          0          0          0          0          0 IR-PCI-MSIX-0000:06:00.0    8-edge      enp6s0f0-TxRx-8
 230:          0          0          0          0          0          0          0          0          0          0          0          0          0          0          0          0          0       1171          0          0          0          0          0          0          0          0          0          0          0          0          0          0 IR-PCI-MSIX-0000:06:00.0    9-edge      enp6s0f0-TxRx-9
 231:          0          0          0          0          0          0          0          0          0          0          0          0          0          0          0          0          0          0       1171          0          0          0          0          0          0          0          0          0          0          0          0          0 IR-PCI-MSIX-0000:06:00.0   10-edge      enp6s0f0-TxRx-10
 232:          0          0          0          0          0          0          0          0          0          0          0          0          0          0          0          0          0          0          0       1171          0          0          0          0          0          0          0          0          0          0          0          0 IR-PCI-MSIX-0000:06:00.0   11-edge      enp6s0f0-TxRx-11
 233:       1171          0          0          0          0          0          0          0          0          0          0          0          0          0          0          0          0          0          0          0          0          0          0          0          0          0          0          0          0          0          0          0 IR-PCI-MSIX-0000:06:00.0   12-edge      enp6s0f0-TxRx-12
 234:          0          0          0          0          0          0          0          0          0          0          0          0          0          0          0          0          0       1271          0          0          0          0          0          0          0          0          0          0          0          0          0          0 IR-PCI-MSIX-0000:06:00.0   13-edge      enp6s0f0-TxRx-13
 235:          0          0          0          0          0          0          0          0          0          0          0          0          0          0          0          0          0          0       1171          0          0          0          0          0          0          0          0          0          0          0          0          0 IR-PCI-MSIX-0000:06:00.0   14-edge      enp6s0f0-TxRx-14
 236:          0          0          0          0          0          0          0          0          0          0          0          0          0          0          0          0          0          0          0       1171          0          0          0          0          0          0          0          0          0          0          0          0 IR-PCI-MSIX-0000:06:00.0   15-edge      enp6s0f0-TxRx-15
 237:       1171          0          0          0          0          0          0          0          0          0          0          0          0          0          0          0          0          0          0          0          0          0          0          0          0          0          0          0          0          0          0          0 IR-PCI-MSIX-0000:06:00.0   16-edge      enp6s0f0-TxRx-16
 238:          0          0          0          0          0          0          0          0          0          0          0          0          0          0          0          0          0       1210          0          0          0          0          0          0          0          0          0          0          0          0          0          0 IR-PCI-MSIX-0000:06:00.0   17-edge      enp6s0f0-TxRx-17
 239:          0          0          0          0          0          0          0          0          0          0          0          0          0          0          0          0          0          0       1196          0          0          0          0          0          0          0          0          0          0          0          0          0 IR-PCI-MSIX-0000:06:00.0   18-edge      enp6s0f0-TxRx-18
 240:          0          0          0          0          0          0          0          0          0          0          0          0          0          0          0          0          0          0          0       1185          0          0          0          0          0          0          0          0          0          0          0          0 IR-PCI-MSIX-0000:06:00.0   19-edge      enp6s0f0-TxRx-19
 241:       1229          0          0          0          0          0          0          0          0          0          0          0          0          0          0          0          0          0          0          0          0          0          0          0          0          0          0          0          0          0          0          0 IR-PCI-MSIX-0000:06:00.0   20-edge      enp6s0f0-TxRx-20
 242:          0          0          0          0          0          0          0          0          0          0          0          0          0          0          0          0          0       1217          0          0          0          0          0          0          0          0          0          0          0          0          0          0 IR-PCI-MSIX-0000:06:00.0   21-edge      enp6s0f0-TxRx-21
 243:          0          0          0          0          0          0          0          0          0          0          0          0          0          0          0          0          0          0       1208          0          0          0          0          0          0          0          0          0          0          0          0          0 IR-PCI-MSIX-0000:06:00.0   22-edge      enp6s0f0-TxRx-22
 244:          0          0          0          0          0          0          0          0          0          0          0          0          0          0          0          0          0          0          0       1185          0          0          0          0          0          0          0          0          0          0          0          0 IR-PCI-MSIX-0000:06:00.0   23-edge      enp6s0f0-TxRx-23
 245:       1220          0          0          0          0          0          0          0          0          0          0          0          0          0          0          0          0          0          0          0          0          0          0          0          0          0          0          0          0          0          0          0 IR-PCI-MSIX-0000:06:00.0   24-edge      enp6s0f0-TxRx-24
 246:          0          0          0          0          0          0          0          0          0          0          0          0          0          0          0          0          0       1203          0          0          0          0          0          0          0          0          0          0          0          0          0          0 IR-PCI-MSIX-0000:06:00.0   25-edge      enp6s0f0-TxRx-25
 247:          0          0          0          0          0          0          0          0          0          0          0          0          0          0          0          0          0          0       1214          0          0          0          0          0          0          0          0          0          0          0          0          0 IR-PCI-MSIX-0000:06:00.0   26-edge      enp6s0f0-TxRx-26
 248:          0          0          0          0          0          0          0          0          0          0          0          0          0          0          0          0          0          0          0       1198          0          0          0          0          0          0          0          0          0          0          0          0 IR-PCI-MSIX-0000:06:00.0   27-edge      enp6s0f0-TxRx-27
 249:       1227          0          0          0          0          0          0          0          0          0          0          0          0          0          0          0          0          0          0          0          0          0          0          0          0          0          0          0          0          0          0          0 IR-PCI-MSIX-0000:06:00.0   28-edge      enp6s0f0-TxRx-28
 250:          0          0          0          0          0          0          0          0          0          0          0          0          0          0          0          0          0       1191          0          0          0          0          0          0          0          0          0          0          0          0          0          0 IR-PCI-MSIX-0000:06:00.0   29-edge      enp6s0f0-TxRx-29
 251:          0          0          0          0          0          0          0          0          0          0          0          0          0          0          0          0          0          0       1178          0          0          0          0          0          0          0          0          0          0          0          0          0 IR-PCI-MSIX-0000:06:00.0   30-edge      enp6s0f0-TxRx-30
 252:          0          0          0          0          0          0          0          0          0          0          0          0          0          0          0          0          0          0          0       1184          0          0          0          0          0          0          0          0          0          0          0          0 IR-PCI-MSIX-0000:06:00.0   31-edge      enp6s0f0-TxRx-31
 253:          2          0          0          0          0          0          0          0          0          0          0          0          0          0          0          0          0          0          0          0          0          0          0          0          0          0          0          0          0          0          0          0 IR-PCI-MSIX-0000:06:00.0   32-edge      enp6s0f0
 254:          0          0          0          0          0          0          0          0          0          0          0          0          0          0          0          0          0       1178          0          0          0          0          0          0          0          0          0          0          0          0          0          0 IR-PCI-MSIX-0000:06:00.1    0-edge      enp6s0f1-TxRx-0
 255:          0          0          0          0          0          0          0          0          0          0          0          0          0          0          0          0          0          0       1178          0          0          0          0          0          0          0          0          0          0          0          0          0 IR-PCI-MSIX-0000:06:00.1    1-edge      enp6s0f1-TxRx-1
 256:          0          0          0          0          0          0          0          0          0          0          0          0          0          0          0          0          0          0          0       1178          0          0          0          0          0          0          0          0          0          0          0          0 IR-PCI-MSIX-0000:06:00.1    2-edge      enp6s0f1-TxRx-2
 257:       1178          0          0          0          0          0          0          0          0          0          0          0          0          0          0          0          0          0          0          0          0          0          0          0          0          0          0          0          0          0          0          0 IR-PCI-MSIX-0000:06:00.1    3-edge      enp6s0f1-TxRx-3
 258:          0          0          0          0          0          0          0          0          0          0          0          0          0          0          0          0          0       1178          0          0          0          0          0          0          0          0          0          0          0          0          0          0 IR-PCI-MSIX-0000:06:00.1    4-edge      enp6s0f1-TxRx-4
 259:          0          0          0          0          0          0          0          0          0          0          0          0          0          0          0          0          0          0       1178          0          0          0          0          0          0          0          0          0          0          0          0          0 IR-PCI-MSIX-0000:06:00.1    5-edge      enp6s0f1-TxRx-5
 260:          0          0          0          0          0          0          0          0          0          0          0          0          0          0          0          0          0          0          0       1178          0          0          0          0          0          0          0          0          0          0          0          0 IR-PCI-MSIX-0000:06:00.1    6-edge      enp6s0f1-TxRx-6
 261:       1178          0          0          0          0          0          0          0          0          0          0          0          0          0          0          0          0          0          0          0          0          0          0          0          0          0          0          0          0          0          0          0 IR-PCI-MSIX-0000:06:00.1    7-edge      enp6s0f1-TxRx-7
 262:          0          0          0          0          0          0          0          0          0          0          0          0          0          0          0          0          0       1178          0          0          0          0          0          0          0          0          0          0          0          0          0          0 IR-PCI-MSIX-0000:06:00.1    8-edge      enp6s0f1-TxRx-8
 263:          0          0          0          0          0          0          0          0          0          0          0          0          0          0          0          0          0          0       1178          0          0          0          0          0          0          0          0          0          0          0          0          0 IR-PCI-MSIX-0000:06:00.1    9-edge      enp6s0f1-TxRx-9
 264:          0          0          0          0          0          0          0          0          0          0          0          0          0          0          0          0          0          0          0       1178          0          0          0          0          0          0          0          0          0          0          0          0 IR-PCI-MSIX-0000:06:00.1   10-edge      enp6s0f1-TxRx-10
 265:       1178          0          0          0          0          0          0          0          0          0          0          0          0          0          0          0          0          0          0          0          0          0          0          0          0          0          0          0          0          0          0          0 IR-PCI-MSIX-0000:06:00.1   11-edge      enp6s0f1-TxRx-11
 266:          0          0          0          0          0          0          0          0          0          0          0          0          0          0          0          0          0       1178          0          0          0          0          0          0          0          0          0          0          0          0          0          0 IR-PCI-MSIX-0000:06:00.1   12-edge      enp6s0f1-TxRx-12
 267:          0          0          0          0          0          0          0          0          0          0          0          0          0          0          0          0          0          0       1178          0          0          0          0          0          0          0          0          0          0          0          0          0 IR-PCI-MSIX-0000:06:00.1   13-edge      enp6s0f1-TxRx-13
 268:          0          0          0          0          0          0          0          0          0          0          0          0          0          0          0          0          0          0          0       1178          0          0          0          0          0          0          0          0          0          0          0          0 IR-PCI-MSIX-0000:06:00.1   14-edge      enp6s0f1-TxRx-14
 269:       1178          0          0          0          0          0          0          0          0          0          0          0          0          0          0          0          0          0          0          0          0          0          0          0          0          0          0          0          0          0          0          0 IR-PCI-MSIX-0000:06:00.1   15-edge      enp6s0f1-TxRx-15
 270:          0          0          0          0          0          0          0          0          0          0          0          0          0          0          0          0          0       1178          0          0          0          0          0          0          0          0          0          0          0          0          0          0 IR-PCI-MSIX-0000:06:00.1   16-edge      enp6s0f1-TxRx-16
 271:          0          0          0          0          0          0          0          0          0          0          0          0          0          0          0          0          0          0       1238          0          0          0          0          0          0          0          0          0          0          0          0          0 IR-PCI-MSIX-0000:06:00.1   17-edge      enp6s0f1-TxRx-17
 272:          0          0          0          0          0          0          0          0          0          0          0          0          0          0          0          0          0          0          0       1205          0          0          0          0          0          0          0          0          0          0          0          0 IR-PCI-MSIX-0000:06:00.1   18-edge      enp6s0f1-TxRx-18
 273:       1192          0          0          0          0          0          0          0          0          0          0          0          0          0          0          0          0          0          0          0          0          0          0          0          0          0          0          0          0          0          0          0 IR-PCI-MSIX-0000:06:00.1   19-edge      enp6s0f1-TxRx-19
 274:          0          0          0          0          0          0          0          0          0          0          0          0          0          0          0          0          0       1223          0          0          0          0          0          0          0          0          0          0          0          0          0          0 IR-PCI-MSIX-0000:06:00.1   20-edge      enp6s0f1-TxRx-20
 275:          0          0          0          0          0          0          0          0          0          0          0          0          0          0          0          0          0          0       1225          0          0          0          0          0          0          0          0          0          0          0          0          0 IR-PCI-MSIX-0000:06:00.1   21-edge      enp6s0f1-TxRx-21
 276:          0          0          0          0          0          0          0          0          0          0          0          0          0          0          0          0          0          0          0       1223          0          0          0          0          0          0          0          0          0          0          0          0 IR-PCI-MSIX-0000:06:00.1   22-edge      enp6s0f1-TxRx-22
 277:       1198          0          0          0          0          0          0          0          0          0          0          0          0          0          0          0          0          0          0          0          0          0          0          0          0          0          0          0          0          0          0          0 IR-PCI-MSIX-0000:06:00.1   23-edge      enp6s0f1-TxRx-23
 278:          0          0          0          0          0          0          0          0          0          0          0          0          0          0          0          0          0       1229          0          0          0          0          0          0          0          0          0          0          0          0          0          0 IR-PCI-MSIX-0000:06:00.1   24-edge      enp6s0f1-TxRx-24
 279:          0          0          0          0          0          0          0          0          0          0          0          0          0          0          0          0          0          0       1208          0          0          0          0          0          0          0          0          0          0          0          0          0 IR-PCI-MSIX-0000:06:00.1   25-edge      enp6s0f1-TxRx-25
 280:          0          0          0          0          0          0          0          0          0          0          0          0          0          0          0          0          0          0          0       1207          0          0          0          0          0          0          0          0          0          0          0          0 IR-PCI-MSIX-0000:06:00.1   26-edge      enp6s0f1-TxRx-26
 281:       1201          0          0          0          0          0          0          0          0          0          0          0          0          0          0          0          0          0          0          0          0          0          0          0          0          0          0          0          0          0          0          0 IR-PCI-MSIX-0000:06:00.1   27-edge      enp6s0f1-TxRx-27
 282:          0          0          0          0          0          0          0          0          0          0          0          0          0          0          0          0          0       1227          0          0          0          0          0          0          0          0          0          0          0          0          0          0 IR-PCI-MSIX-0000:06:00.1   28-edge      enp6s0f1-TxRx-28
 283:          0          0          0          0          0          0          0          0          0          0          0          0          0          0          0          0          0          0       1201          0          0          0          0          0          0          0          0          0          0          0          0          0 IR-PCI-MSIX-0000:06:00.1   29-edge      enp6s0f1-TxRx-29
 284:          0          0          0          0          0          0          0          0          0          0          0          0          0          0          0          0          0          0          0       1197          0          0          0          0          0          0          0          0          0          0          0          0 IR-PCI-MSIX-0000:06:00.1   30-edge      enp6s0f1-TxRx-30
 285:       1189          0          0          0          0          0          0          0          0          0          0          0          0          0          0          0          0          0          0          0          0          0          0          0          0          0          0          0          0          0          0          0 IR-PCI-MSIX-0000:06:00.1   31-edge      enp6s0f1-TxRx-31
 286:          0          0          0          0          0          0          0          0          0          0          0          0          0          0          0          0          0          2          0          0          0          0          0          0          0          0          0          0          0          0          0          0 IR-PCI-MSIX-0000:06:00.1   32-edge      enp6s0f1
 287:         77          0          0          0          0          0          0          0          0          0          0          0          0          0          0          0          0          0          0          0          0          0          0          0          0          0          0          0          0          0          0          0 IR-PCI-MSI-0000:00:16.0    0-edge      mei_me
 288:          0          0          0          0          0          0          0          0          0          0          0          0          0          0          0          0          0          0         31          0          0          0          0          0          0          0          0          0          0          0          0          0 IR-PCI-MSI-0000:00:02.0    0-edge      i915
 289:          0          0          0          0          0          0          0          0          0          0          0          0          0          0          0          0          0          0          0      31327          0          0          0          0          0          0          0          0          0          0          0          0 IR-PCI-MSI-0000:03:00.0    0-edge      rtw88_pci
 290:        750          0          0          0          0          0          0          0          0          0          0          0          0          0          0          0          0          0          0          0          0          0          0          0          0          0          0          0          0          0          0          0 IR-PCI-MSI-0000:00:1f.3    0-edge      snd_hda_intel:card0
 NMI:          0          0          0          0          0          0          0          0          0          0          0          0          0          0          0          0          0          1          0          1          1          1          1          2          1          1          1          1          1          1          1          1   Non-maskable interrupts
 LOC:    2396435        863        867        858        866        857        867        857        866        856        865        856        865        856        866        856        878     237224      66666      70159     128964     140538     125149     132253     130659     143481     129553     117811     150606     128712     115316     126814   Local timer interrupts
 SPU:          0          0          0          0          0          0          0          0          0          0          0          0          0          0          0          0          0          0          0          0          0          0          0          0          0          0          0          0          0          0          0          0   Spurious interrupts
 PMI:          0          0          0          0          0          0          0          0          0          0          0          0          0          0          0          0          0          1          0          1          1          1          1          2          1          1          1          1          1          1          1          1   Performance monitoring interrupts
 IWI:          0         15         13         12         11         11         13         13         11         11         11         11         11         11         14         13         12          2          5          0          1          0          0          0          0          1          0          0          4          0          0          0   IRQ work interrupts
 RTR:          0          0          0          0          0          0          0          0          0          0          0          0          0          0          0          0          0          0          0          0          0          0          0          0          0          0          0          0          0          0          0          0   APIC ICR read retries
 RES:          9          0          0          0          0          0          0          0          0          0          0          0          0          0          0          0          0        677        888        688        984       1034       1023        989       1243       1114        979       1026       1351       1378       1297       1310   Rescheduling interrupts
 CAL:      19180      18737      18781      18716      18787      18723      18796      18727      18791      18724      18807      18739      18805      18741      18816      18751      18761      38453      28910      28742      40337      36100      35314      32405      32202      35394      35279      29885      34645      33274      32402      32341   Function call interrupts
 TLB:          0          1          1          1          0          0          0          0          0          0          0          0          0          0          0          0          0       6972       5140       6563      18049      13896      13792      15712      14936      14684      14879      14259      13935      13190      13305      12640   TLB shootdowns
 TRM:          0          0          0          0          0          0          0          0          0          0          0          0          0          0          0          0          0          0          0          0          0          0          0          0          0          0          0          0          0          0          0          0   Thermal event interrupts
 THR:          0          0          0          0          0          0          0          0          0          0          0          0          0          0          0          0          0          0          0          0          0          0          0          0          0          0          0          0          0          0          0          0   Threshold APIC interrupts
 DFR:          0          0          0          0          0          0          0          0          0          0          0          0          0          0          0          0          0          0          0          0          0          0          0          0          0          0          0          0          0          0          0          0   Deferred Error APIC interrupts
 MCE:          0          0          0          0          0          0          0          0          0          0          0          0          0          0          0          0          0          0          0          0          0          0          0          0          0          0          0          0          0          0          0          0   Machine check exceptions
 MCP:          8          9          9          9          9          9          9          9          9          9          9          9          9          9          9          9          9          9          9          9          9          9          9          9          9          9          9          9          9          9          9          9   Machine check polls
 ERR:          0
 MIS:          0
 PIN:          0          0          0          0          0          0          0          0          0          0          0          0          0          0          0          0          0          0          0          0          0          0          0          0          0          0          0          0          0          0          0          0   Posted-interrupt notification event
 NPI:          0          0          0          0          0          0          0          0          0          0          0          0          0          0          0          0          0          0          0          0          0          0          0          0          0          0          0          0          0          0          0          0   Nested posted-interrupt event
 PIW:          0          0          0          0          0          0          0          0          0          0          0          0          0          0          0          0          0          0          0          0          0          0          0          0          0          0          0          0          0          0          0          0   Posted-interrupt wakeup event
